# random and minimum color-count cluster from top
3230 163 21471 134 0.480484962463
3375 168 13344 146 0.454882144928
3609 164 22530 148 0.480938911438
4895 147 28442 128 0.407864093781
3953 155 24237 134 0.441514968872
3657 159 24819 142 0.452118873596
5045 150 24126 131 0.425168037415
4431 149 21313 137 0.42191195488
4064 155 23155 139 0.446866035461
3409 168 11774 143 0.508328914642
4631 148 22156 135 0.43711400032
6334 144 28739 133 0.417062997818
3860 156 18181 145 0.447616100311
6045 132 24289 117 0.390490055084
4000 148 26704 137 0.427292823792
3961 164 25782 138 0.462004899979
3201 170 14899 134 0.465295791626
3602 157 21581 133 0.457616090775
5344 145 22348 138 0.436095952988
3115 167 23172 139 0.465559959412
4965 154 22724 136 0.446625947952
4188 145 15090 135 0.443078041077
4087 159 10728 145 0.462669849396
3581 147 17826 119 0.402539968491
5851 142 22183 125 0.428282022476
3655 164 24322 146 0.482853889465
3736 166 9692 143 0.458004951477
3601 152 18704 147 0.488322019577
3783 168 21104 134 0.487862110138
3805 152 27899 134 0.439208984375
3511 165 21212 148 0.475350141525
3957 152 28593 135 0.430685043335
3860 147 16672 143 0.443151950836
4281 152 11749 151 0.448184967041
4354 160 16970 146 0.4517121315
4466 152 20635 142 0.440032958984
3905 150 27230 139 0.440387010574
3920 164 24335 138 0.44707608223
4301 152 27697 140 0.431056976318
3492 149 28419 138 0.428125858307
3907 150 12971 134 0.43391084671
3400 168 14646 142 0.45444893837
3528 157 16753 138 0.441018819809
3464 160 11655 137 0.45623588562
4307 162 18562 139 0.455557107925
3519 166 29076 127 0.428123950958
3958 157 26587 134 0.434376955032
3871 159 26966 142 0.45943903923
3753 162 16092 140 0.447698831558
3181 165 15814 135 0.446291923523
4014 155 19658 138 0.42577791214
3273 176 27077 134 0.470741033554
4440 149 25925 134 0.422267913818
4346 151 25723 135 0.431579828262
3870 161 15965 147 0.4624979496
5354 143 16435 134 0.401259899139
3950 158 20292 146 0.457123994827
4354 156 9934 133 0.431751012802
3165 166 16771 149 0.486482143402
4892 140 28016 138 0.406100988388
4105 156 14362 130 0.428816795349
4134 140 12343 139 0.409479856491
3482 158 10352 145 0.468986034393
3339 164 14926 144 0.454051971436
3799 151 10944 152 0.453122854233
4214 147 26881 138 0.419762849808
4300 131 26512 120 0.392455101013
5623 141 10739 141 0.432244062424
3650 151 14535 151 0.456984996796
3631 170 25837 132 0.458325147629
4518 147 25853 134 0.419698953629
4383 157 18855 150 0.466017961502
4323 152 15300 135 0.432681083679
4974 144 27480 126 0.420897960663
4119 152 18349 136 0.439420938492
3582 165 28580 151 0.478533983231
3382 155 22225 136 0.438023090363
4658 139 25432 132 0.415302991867
3512 165 30596 133 0.443202018738
3926 161 19751 145 0.458137989044
3939 155 24413 135 0.431211948395
4127 149 22276 135 0.444255113602
4385 152 19398 132 0.430313110352
3782 153 14929 133 0.41939496994
3411 160 22924 131 0.429640054703
3835 155 20577 147 0.466032028198
5923 139 17177 143 0.428120851517
4269 155 14742 140 0.451179027557
3531 152 14805 143 0.440305948257
3520 154 21154 138 0.451934099197
4213 160 27013 131 0.434405088425
4722 149 19407 136 0.422965049744
4445 150 17064 126 0.432401180267
3907 171 22912 140 0.473599910736
4195 145 17728 131 0.40869808197
3947 142 12713 155 0.431756019592
4408 164 23255 136 0.469578027725
3374 170 24092 136 0.470738887787
3904 142 21660 138 0.414180040359
3994 147 33598 127 0.408807992935
avg 4070 20634
